0 0 0 0 0 0 0 0 0 0
0.0120119 0 0 0 0 0 0 0 0 0
0.0230937 0 0 0 0 0 0 0 0 0
0.0339877 0 0 0 0 0 0 0 0 0
0.0451055 0 0 0 0 0 0 0 0 0
0.0560898 0 0 0 0 0 0 0 0 0
0.0671971 0 0 0 0 0 0 0 0 0
0.0789979 0 0 0 0 0 0 0 0 0
0.0901798 0 0 0 0 0 0 0 0 0
0.1011944 0 0 0 0 0 0 0 0 0
0.1149868 0 0 0 0 0 0 0 0 0
0.1252506 0 0 0 0 0 0 0 0 0
0.1362163 0 0 0 0 0 0 0 0 0
0.149015 0 0 0 0 0 0 0 0 0
0.1601227 0 0 0 0 0 0 0 0 0
0.1711968 0 0 0 0 0 0 0 0 0
0.1819961 0 0 0 0 0 0 0 0 0
0.1932095 0 0 0 0 0 0 0 0 0
0.2041891 0 0 0 0 0 0 0 0 0
0.2150018 0 0 0 0 0 0 0 0 0
0.2262154 0 0 0 0 0 0 0 0 0
0.2372187 0 0 0 0 0 0 0 0 0
0.2482544 0 0 0 0 0 0 0 0 0
0.2591119 0 0 0 0 0 0 0 0 0
0.2709942 0 0 0 0 0 0 0 0 0
0.2830087 0 0 0 0 0 0 0 0 0
0.2950684 0 0 0 0 0 0 0 0 0
0.3069917 0 0 0 0 0 0 0 0 0
0.3181004 0 0 0 0 0 0 0 0 0
0.3291542 0 0 0 0 0 0 0 0 0
0.3410144 0 0 0 0 0 0 0 0 0
0.351215 0 0 0 0 0 0 0 0 0
0.3630338 0 0 0 0 0 0 0 0 0
0.3741858 0 0 0 0 0 0 0 0 0
0.3869928 0 0 0 0 0 0 0 0 0
0.3990628 0 0 0 0 0 0 0 0 0
0.4101384 0 0 0 0 0 0 0 0 0
0.4210491 0 0 0 0 0 0 0 0 0
0.4321563 0 0 0 0 0 0 0 0 0
0.4431671 0 0 0 0 0 0 0 0 0
0.4541583 0 0 0 0 0 0 0 0 0
0.4651404 0 0 0 0 0 0 0 0 0
0.4761302 0 0 0 0 0 0 0 0 0
0.4870106 0 0 0 0 0 0 0 0 0
0.4979973 0 0 0 0 0 0 0 0 0
0.5090729 0 0 0 0 0 0 0 0 0
0.5211204 0 0 0 0 0 0 0 0 0
0.5329918 0 0 0 0 0 0 0 0 0
0.5439969 0 0 0 0 0 0 0 0 0
0.5559885 0 0 0 0 0 0 0 0 0
0.5669897 0 0 0 0 0 0 0 0 0
0.578077 0 0 0 0 0 0 0 0 0
0.5899908 0 0 0 0 0 0 0 0 0
0.6002165 0 0 0 0 0 0 0 0 0
0.6121254 0 0 0 0 0 0 0 0 0
0.6250249 0 0 0 0 0 0 0 0 0
0.6371198 0 0 0 0 0 0 0 0 0
0.6489898 0 0 0 0 0 0 0 0 0
0.6591251 0 0 0 0 0 0 0 0 0
0.6710006 0 0 0 0 0 0 0 0 0
0.6820623 0 0 0 0 0 0 0 0 0
0.693201 0 0 0 0 0 0 0 0 0
0.7041632 0 0 0 0 0 0 0 0 0
0.7151416 0 0 0 0 0 0 0 0 0
0.7262221 0 0 0 0 0 0 0 0 0
0.7379923 0 0 0 0 0 0 0 0 0
0.7481914 0 0 0 0 0 0 0 0 0
0.7590985 0 0 0 0 0 0 0 0 0
0.7701059 0 0 0 0 0 0 0 0 0
0.7820936 0 0 0 0 0 0 0 0 0
0.7939931 0 0 0 0 0 0 0 0 0
0.8041875 0 0 0 0 0 0 0 0 0
0.8151414 0 0 0 0 0 0 0 0 0
0.8259966 0 0 0 0 0 0 0 0 0
0.8371905 0 0 0 0 0 0 0 0 0
0.8480482 0 0 0 0 0 0 0 0 0
0.862002 0 0 0 0 0 0 0 0 0
0.8730147 0 0 0 0 0 0 0 0 0
0.8851268 0 0 0 0 0 0 0 0 0
0.897015 0 0 0 0 0 0 0 0 0
0.9082251 0 0 0 0 0 0 0 0 0
0.9191653 0 0 0 0 0 0 0 0 0
0.9301786 0 0 0 0 0 0 0 0 0
0.9419972 0 0 0 0 0 0 0 0 0
0.9522223 0 0 0 0 0 0 0 0 0
0.9632536 0 0 0 0 0 0 0 0 0
0.9741388 0 0 0 0 0 0 0 0 0
0.9851194 0 0 0 0 0 0 0 0 0
0.9970407 0 0 0 0 0 0 0 0 0
1.0081041 0 0 0 0 0 0 0 0 0
1.0200364 0 0 0 0 0 0 0 0 0
1.0319972 0 0 0 0 0 0 0 0 0
1.0422336 0 0 0 0 0 0 0 0 0
1.0532124 0 0 0 0 0 0 0 0 0
1.0641238 0 0 0 0 0 0 0 0 0
1.075192 0 0 0 0 0 0 0 0 0
1.0860533 0 0 0 0 0 0 0 0 0
1.0980123 0 0 0 0 0 0 0 0 0
1.1091678 0.00147158133571609 4.47431469117599E-06 0.00608094271790978 0.00147158133571609 4.47431469117599E-06 0.00608094271790978 0 0 0
1.121105 0.00147158133571609 4.47431469117599E-06 0.00608094271790978 0.00147158133571609 4.47431469117599E-06 0.00608094271790978 0 0 0
1.1330017 0.00147158133571609 4.47431469117599E-06 0.00608094271790978 0.00147158133571609 4.47431469117599E-06 0.00608094271790978 0 0 0
1.1441939 0.00147158133571609 4.47431469117599E-06 0.00608094271790978 0.00147158133571609 4.47431469117599E-06 0.00608094271790978 0 0 0
1.1560967 0.00147158133571609 4.47431469117599E-06 0.00608094271790978 0.00147158133571609 4.47431469117599E-06 0.00608094271790978 0 0 0
1.1671099 0.00441470319516559 2.23714907306428E-05 0.00608094271790978 0.00441470319516559 2.23714907306428E-05 0.00608094271790978 0 0 0
1.1789928 0.00441470319516559 2.23714907306428E-05 0.00608094271790978 0.00441470319516559 2.23714907306428E-05 0.00608094271790978 0 0 0
1.1901023 0.00441470319516559 2.23714907306428E-05 0.00608094271790978 0.00441470319516559 2.23714907306428E-05 0.00608094271790978 0 0 0
1.2009885 0.00441470319516559 2.23714907306428E-05 0.00608094271790978 0.00441470319516559 2.23714907306428E-05 0.00608094271790978 0 0 0
1.2120721 0.00441470319516559 2.23714907306428E-05 0.00608094271790978 0.00441470319516559 2.23714907306428E-05 0.00608094271790978 0 0 0
1.2229932 0.00441470319516559 2.23714907306428E-05 0.00608094271790978 0.00441470319516559 2.23714907306428E-05 0.00608094271790978 0 0 0
1.2359962 0.00735782505461508 4.02686667701097E-05 0.00608094271790978 0.00735782505461508 4.02686667701097E-05 0.00608094271790978 0 0 0
1.2462524 0.00735782505461508 4.02686667701097E-05 0.00608094271790978 0.00735782505461508 4.02686667701097E-05 0.00608094271790978 0 0 0
1.2581531 0.00735782505461508 4.02686667701097E-05 0.00608094271790978 0.00735782505461508 4.02686667701097E-05 0.00608094271790978 0 0 0
1.2691175 0.00735782505461508 4.02686667701097E-05 0.00608094271790978 0.00735782505461508 4.02686667701097E-05 0.00608094271790978 0 0 0
1.2801398 0.00735782505461508 4.02686667701097E-05 0.00608094271790978 0.00735782505461508 4.02686667701097E-05 0.00608094271790978 0 0 0
1.291118 0.0103009469140646 5.81658428095766E-05 0.00608094271790978 0.0103009469140646 5.81658428095766E-05 0.00608094271790978 0 0 0
1.3039869 0.0103009469140646 5.81658428095766E-05 0.00608094271790978 0.0103009469140646 5.81658428095766E-05 0.00608094271790978 0 0 0
1.3151025 0.0103009469140646 5.81658428095766E-05 0.00608094271790978 0.0103009469140646 5.81658428095766E-05 0.00608094271790978 0 0 0
1.3269925 0.0132440687735141 7.60630188490434E-05 0.00608094271790978 0.0132440687735141 7.60630188490434E-05 0.00608094271790978 0 0 0
1.3389904 0.0132440687735141 7.60630188490434E-05 0.00608094271790978 0.0132440687735141 7.60630188490434E-05 0.00608094271790978 0 0 0
1.3491813 0.0132440687735141 7.60630188490434E-05 0.00608094271790978 0.0132440687735141 7.60630188490434E-05 0.00608094271790978 0 0 0
1.3601644 0.0161871906329636 9.39601948885103E-05 0.00608094271790978 0.0161871906329636 9.39601948885103E-05 0.00608094271790978 0 0 0
1.3720112 0.0161871906329636 9.39601948885103E-05 0.00608094271790978 0.0161871906329636 9.39601948885103E-05 0.00608094271790978 0 0 0
1.3840944 0.0161871906329636 9.39601948885103E-05 0.00608094271790978 0.0161871906329636 9.39601948885103E-05 0.00608094271790978 0 0 0
1.3942222 0.0191303124924131 0.000111857370927977 0.00608094271790978 0.0191303124924131 0.000111857370927977 0.00608094271790978 0 0 0
1.4059976 0.0191303124924131 0.000111857370927977 0.00608094271790978 0.0191303124924131 0.000111857370927977 0.00608094271790978 0 0 0
1.4169967 0.0191303124924131 0.000111857370927977 0.00608094271790978 0.0191303124924131 0.000111857370927977 0.00608094271790978 0 0 0
1.427192 0.0220734343518626 0.000129754546967444 0.00608094271790978 0.0220734343518626 0.000129754546967444 0.00608094271790978 0 0 0
1.4390295 0.0220734343518626 0.000129754546967444 0.00608094271790978 0.0220734343518626 0.000129754546967444 0.00608094271790978 0 0 0
1.4509904 0.0220734343518626 0.000129754546967444 0.00608094271790978 0.0220734343518626 0.000129754546967444 0.00608094271790978 0 0 0
1.4621134 0.0250165562113121 0.000147651723006911 0.00608094271790978 0.0250165562113121 0.000147651723006911 0.00608094271790978 0 0 0
1.4741002 0.0250165562113121 0.000147651723006911 0.00608094271790978 0.0250165562113121 0.000147651723006911 0.00608094271790978 0 0 0
1.4842255 0.0279596780707616 0.000165548899046378 0.00608094271790978 0.0279596780707616 0.000165548899046378 0.00608094271790978 0 0 0
1.4961009 0.0279596780707616 0.000165548899046378 0.00608094271790978 0.0279596780707616 0.000165548899046378 0.00608094271790978 0 0 0
1.5080049 0.0309027999302111 0.000183446075085845 0.00608094271790978 0.0309027999302111 0.000183446075085845 0.00608094271790978 0 0 0
1.5200554 0.0309027999302111 0.000183446075085845 0.00608094271790978 0.0309027999302111 0.000183446075085845 0.00608094271790978 0 0 0
1.5310002 0.0338459217896606 0.000201343251125311 0.00608094271790978 0.0338459217896606 0.000201343251125311 0.00608094271790978 0 0 0
1.5431296 0.0338459217896606 0.000201343251125311 0.00608094271790978 0.0338459217896606 0.000201343251125311 0.00608094271790978 0 0 0
1.5549949 0.0367890436491101 0.000219240427164778 0.00608094271790978 0.0367890436491101 0.000219240427164778 0.00608094271790978 0 0 0
1.5659915 0.0367890436491101 0.000219240427164778 0.00608094271790978 0.0367890436491101 0.000219240427164778 0.00608094271790978 0 0 0
1.5781917 0.0397321655085595 0.000237137603204245 0.00608094271790978 0.0397321655085595 0.000237137603204245 0.00608094271790978 0 0 0
1.5899924 0.0397321655085595 0.000237137603204245 0.00608094271790978 0.0397321655085595 0.000237137603204245 0.00608094271790978 0 0 0
1.6021181 0.042675287368009 0.000255034779243712 0.00608094271790978 0.042675287368009 0.000255034779243712 0.00608094271790978 0 0 0
1.6140431 0.042675287368009 0.000255034779243712 0.00608094271790978 0.042675287368009 0.000255034779243712 0.00608094271790978 0 0 0
1.6251784 0.0456184092274585 0.000272931955283179 0.00608094271790978 0.0456184092274585 0.000272931955283179 0.00608094271790978 0 0 0
1.6370864 0.0456184092274585 0.000272931955283179 0.00608094271790978 0.0456184092274585 0.000272931955283179 0.00608094271790978 0 0 0
1.6491057 0.048561531086908 0.000290829131322646 0.00608094271790978 0.048561531086908 0.000290829131322646 0.00608094271790978 0 0 0
1.6592036 0.048561531086908 0.000290829131322646 0.00608094271790978 0.048561531086908 0.000290829131322646 0.00608094271790978 0 0 0
1.6729923 0.0515046529463575 0.000308726307362113 0.00608094271790978 0.0515046529463575 0.000308726307362113 0.00608094271790978 0 0 0
1.6850277 0.054447774805807 0.00032662348340158 0.00608094271790978 0.054447774805807 0.00032662348340158 0.00608094271790978 0 0 0
1.6970044 0.054447774805807 0.00032662348340158 0.00608094271790978 0.054447774805807 0.00032662348340158 0.00608094271790978 0 0 0
1.7089918 0.0573908966652565 0.000344520659441046 0.00608094271790978 0.0573908966652565 0.000344520659441046 0.00608094271790978 0 0 0
1.7202038 0.060334018524706 0.000362417835480513 0.00608094271790978 0.060334018524706 0.000362417835480513 0.00608094271790978 0 0 0
1.7321079 0.060334018524706 0.000362417835480513 0.00608094271790978 0.060334018524706 0.000362417835480513 0.00608094271790978 0 0 0
1.7429944 0.0632771403841555 0.00038031501151998 0.00608094271790978 0.0632771403841555 0.00038031501151998 0.00608094271790978 0 0 0
1.755105 0.066220262243605 0.000398212187559447 0.00608094271790978 0.066220262243605 0.000398212187559447 0.00608094271790978 0 0 0
1.7661054 0.0691633841030545 0.000416109363598914 0.00608094271790978 0.0691633841030545 0.000416109363598914 0.00608094271790978 0 0 0
1.7769911 0.0691633841030545 0.000416109363598914 0.00608094271790978 0.0691633841030545 0.000416109363598914 0.00608094271790978 0 0 0
1.7899933 0.072106505962504 0.000434006539638381 0.00608094271790978 0.072106505962504 0.000434006539638381 0.00608094271790978 0 0 0
1.8009883 0.0750496278219535 0.000451903715677848 0.00608094271790978 0.0750496278219535 0.000451903715677848 0.00608094271790978 0 0 0
1.8130396 0.0750496278219535 0.000451903715677848 0.00608094271790978 0.0750496278219535 0.000451903715677848 0.00608094271790978 0 0 0
1.8242185 0.077992749681403 0.000469800891717314 0.00608094271790978 0.077992749681403 0.000469800891717314 0.00608094271790978 0 0 0
1.8351981 0.0809358715408525 0.000487698067756781 0.00608094271790978 0.0809358715408525 0.000487698067756781 0.00608094271790978 0 0 0
1.8470097 0.083878993400302 0.000505595243796248 0.00608094271790978 0.083878993400302 0.000505595243796248 0.00608094271790978 0 0 0
1.8591056 0.083878993400302 0.000505595243796248 0.00608094271790978 0.083878993400302 0.000505595243796248 0.00608094271790978 0 0 0
1.8699923 0.0868221152597514 0.000523492419835715 0.00608094271790978 0.0868221152597514 0.000523492419835715 0.00608094271790978 0 0 0
1.8819981 0.0897652371192009 0.000541389595875182 0.00608094271790978 0.0897652371192009 0.000541389595875182 0.00608094271790978 0 0 0
1.8930268 0.0927083589786504 0.000559286771914649 0.00608094271790978 0.0927083589786504 0.000559286771914649 0.00608094271790978 0 0 0
1.9059917 0.0956514808380999 0.000577183947954116 0.00608094271790978 0.0956514808380999 0.000577183947954116 0.00608094271790978 0 0 0
1.9180105 0.0985946026975494 0.000595081123993582 0.00608094271790978 0.0985946026975494 0.000595081123993582 0.00608094271790978 0 0 0
1.9299946 0.101537724556999 0.000612978300033049 0.00608094271790978 0.101537724556999 0.000612978300033049 0.00608094271790978 0 0 0
1.9421062 0.103009305892715 0.000617452614724225 0 0.103009305892715 0.000617452614724225 0 0 0 0
1.9531647 0.104480887228431 0.000621926929415401 0.00608094271790978 0.104480887228431 0.000621926929415401 0.00608094271790978 0 0 0
1.9639935 0.107424009087881 0.000639824105454868 0.00608094271790978 0.107424009087881 0.000639824105454868 0.00608094271790978 0 0 0
1.9761067 0.11036713094733 0.000657721281494335 0.00608094271790978 0.11036713094733 0.000657721281494335 0.00608094271790978 0 0 0
1.9862014 0.11331025280678 0.000675618457533802 0.00608094271790978 0.11331025280678 0.000675618457533802 0.00608094271790978 0 0 0
1.9979918 0.116253374666229 0.000693515633573269 0.00608094271790978 0.116253374666229 0.000693515633573269 0.00608094271790978 0 0 0
2.009201 0.119196496525679 0.000711412809612736 0.00608094271790978 0.119196496525679 0.000711412809612736 0.00608094271790978 0 0 0
2.0229901 0.122139618385128 0.000729309985652202 0.00608094271790978 0.122139618385128 0.000729309985652202 0.00608094271790978 0 0 0
2.0350004 0.122139618385128 0.000729309985652202 0.00608094271790978 0.122139618385128 0.000729309985652202 0.00608094271790978 0 0 0
2.0461237 0.125082740244578 0.000747207161691669 0.00608094271790978 0.125082740244578 0.000747207161691669 0.00608094271790978 0 0 0
2.0580429 0.128025862104027 0.000765104337731136 0.00608094271790978 0.128025862104027 0.000765104337731136 0.00608094271790978 0 0 0
2.0690881 0.130968983963477 0.000783001513770603 0.00608094271790978 0.130968983963477 0.000783001513770603 0.00608094271790978 0 0 0
2.0801607 0.133912105822926 0.00080089868981007 0.00608094271790978 0.133912105822926 0.00080089868981007 0.00608094271790978 0 0 0
2.0910706 0.136855227682376 0.000818795865849537 0.00608094271790978 0.136855227682376 0.000818795865849537 0.00608094271790978 0 0 0
2.103105 0.142741471401275 0.000854590217928471 0.00608094271790978 0.142741471401275 0.000854590217928471 0.00608094271790978 0 0 0
2.1141079 0.145684593260724 0.000872487393967937 0.00608094271790978 0.145684593260724 0.000872487393967937 0.00608094271790978 0 0 0
2.1241768 0.148627715120174 0.000890384570007404 0.00608094271790978 0.148627715120174 0.000890384570007404 0.00608094271790978 0 0 0
2.1351736 0.151570836979623 0.000908281746046871 0.00608094271790978 0.151570836979623 0.000908281746046871 0.00608094271790978 0 0 0
2.1469909 0.154513958839073 0.000926178922086338 0.00608094271790978 0.154513958839073 0.000926178922086338 0.00608094271790978 0 0 0
2.1581144 0.157457080698522 0.000944076098125805 0.00608094271790978 0.157457080698522 0.000944076098125805 0.00608094271790978 0 0 0
2.1700487 0.160400202557972 0.000961973274165272 0.00608094271790978 0.160400202557972 0.000961973274165272 0.00608094271790978 0 0 0
2.1821067 0.163343324417421 0.000979870450204739 0.00608094271790978 0.163343324417421 0.000979870450204739 0.00608094271790978 0 0 0
2.1921604 0.166286446276871 0.000997767626244205 0.00608094271790978 0.166286446276871 0.000997767626244205 0.00608094271790978 0 0 0
2.2031889 0.16922956813632 0.00101566480228367 0.00608094271790978 0.16922956813632 0.00101566480228367 0.00608094271790978 0 0 0
2.2142136 0.17217268999577 0.00103356197832314 0.00608094271790978 0.17217268999577 0.00103356197832314 0.00608094271790978 0 0 0
2.2261073 0.175115811855219 0.00105145915436261 0.00608094271790978 0.175115811855219 0.00105145915436261 0.00608094271790978 0 0 0
2.2379887 0.178058933714669 0.00106935633040207 0.00608094271790978 0.178058933714669 0.00106935633040207 0.00608094271790978 0 0 0
2.2489899 0.181002055574118 0.00108725350644154 0.00608094271790978 0.181002055574118 0.00108725350644154 0.00